667
1
3
4
5
7
9
11
13
14
16
17
19
21
22
23
24
25
28
29
33
34
35
38
39
41
42
43
45
48
50
56
60
62
63
70
73
74
75
77
78
81
83
87
89
90
92
98
100
103
106
107
109
110
111
112
113
120
121
122
125
127
132
135
136
139
140
141
142
145
148
149
154
159
164
166
167
170
174
176
177
178
179
181
184
186
187
189
192
193
194
196
197
201
202
203
205
208
209
210
211
212
213
216
217
219
220
222
225
228
229
230
232
233
235
239
240
241
245
247
251
254
255
258
260
261
265
267
268
272
274
275
276
277
278
279
281
282
283
284
286
287
292
293
294
296
298
299
300
301
302
303
305
308
309
311
312
313
314
315
316
317
319
320
323
325
326
328
329
332
333
334
340
342
346
347
348
349
351
352
354
356
357
358
360
361
362
364
367
369
370
374
377
378
379
380
381
387
389
391
393
396
397
400
404
406
411
412
416
420
421
423
425
429
430
431
433
435
436
439
440
441
442
446
448
450
451
453
456
457
460
462
463
467
468
472
473
477
479
480
483
485
486
488
489
491
493
497
499
500
502
504
505
506
507
508
509
514
515
516
519
520
526
530
531
532
533
536
538
539
540
541
546
549
550
551
554
555
556
557
559
560
561
565
567
569
570
574
575
576
584
588
591
592
593
594
596
597
602
604
605
606
610
611
613
614
616
621
623
626
627
629
638
639
640
641
642
644
645
646
647
648
649
650
652
654
655
656
658
663
667
669
671
672
677
678
679
680
682
687
688
690
691
692
693
694
702
704
706
707
708
712
713
718
719
722
723
724
725
727
728
729
730
732
733
734
736
738
739
741
742
743
745
746
747
748
754
755
756
757
761
764
766
767
768
771
772
775
776
777
778
779
780
784
785
786
787
790
791
792
799
802
803
804
807
809
811
812
815
819
820
821
822
823
826
827
829
830
831
836
839
842
843
844
845
848
849
850
851
852
854
855
859
860
863
864
865
867
869
870
874
875
877
878
880
886
887
888
889
890
893
895
896
899
900
905
906
907
908
913
914
917
921
922
923
924
925
926
931
933
935
936
938
939
942
944
948
950
951
954
955
959
962
963
964
966
969
970
971
972
975
976
978
983
986
987
989
992
994
997
998
858 0
696 27
501 15
471 2
582 26
662 18
932 32
118 6
873 44
175 20
980 31
55 47
155 65
956 49
749 51
454 10
288 54
765 8
344 52
199 57
426 36
941 46
545 64
498 40
953 86
434 72
259 30
928 124
478 59
306 105
470 61
918 88
418 91
985 102
269 67
510 96
318 94
716 58
147 82
912 115
207 157
583 71
459 68
929 76
117 80
291 66
336 12
770 97
945 150
257 93
464 37
368 69
731 99
758 95
911 114
709 101
884 84
871 151
737 138
965 116
781 143
856 137
578 126
580 146
144 237
330 53
158 195
343 156
793 119
234 128
700 171
543 131
490 168
898 108
405 130
818 163
339 160
607 123
523 517
422 85
910 198
993 104
558 244
901 129
861 134
359 204
577 304
190 200
410 153
813 169
537 227
698 162
461 173
940 165
253 331
653 182
967 152
350 172
824 188
579 133
365 218
974 215
782 290
862 183
968 262
635 236
263 246
840 180
676 295
475 231
503 161
894 243
496 280
413 79
609 248
408 242
857 224
324 335
841 185
619 223
977 206
892 382
885 249
476 289
660 388
465 270
548 250
385 264
920 238
769 337
466 307
797 273
444 417
665 256
424 191
571 271
518 285
492 221
419 428
452 403
595 214
915 297
984 383
795 321
637 226
681 353
620 327
534 376
670 366
341 399
525 266
946 363
703 375
726 338
633 415
402 371
512 386
622 310
398 392
837 394
788 455
806 345
800 401
872 432
590 372
783 601
981 252